A: 0.00011001100110011001101
B: 0.000000000000000000000000011
B: 2.2351741790771484e-8
C: 0.08046627044677734
D: 160.9325408935547

