0x037: 804100000000000000 => call proc
(0x401: proc)

取指：
icode:ifun <- M1[0x037] = 8:0
valC <- M8[0x307 + 1] = 0x41
valP <- PC + 9 = 0x40
译码：
valB <- 128
执行：
valE <- 120
访存：
M8[120] <- 0x40
写回：
R[%rsp] <- 120
更新PC：
PC <- 0x41
